1.253441318426976295e+03 2.354480985816174325e+03 3.807505598549566002e+03 5.611778427441649001e+03 7.767762676562123488e+03 1.027623963833983180e+04 1.313807560480599386e+04 1.635414033339939488e+04 1.992527415550271689e+04 2.385227431585879094e+04
1.537821503904384144e+03 2.740955175594781849e+03 4.296977832655838029e+03 6.204719374309668638e+03 8.464529499691765523e+03 1.107713881935376048e+04 1.404338113172205703e+04 1.736410072140863849e+04 2.104011603934860614e+04 2.507220488091622974e+04
1.852985877745845755e+03 3.158397157333699397e+03 4.817459756435655436e+03 6.828690581384229517e+03 9.192344290495644600e+03 1.190910378155820217e+04 1.497977032837724801e+04 1.840516220810812229e+04 2.218607552767725792e+04 2.632326834614085237e+04
2.199222097960758674e+03 3.606952685316806765e+03 5.369044543748401338e+03 7.483758819696196952e+03 9.951258084799110293e+03 1.277217509476553641e+04 1.594727625826271105e+04 1.947735218533157604e+04 2.336317557157959163e+04 2.760548409986856859e+04
2.576754983462728887e+03 4.086743273782432425e+03 5.951813523723599246e+03 8.169984148398562866e+03 1.074131770882177443e+04 1.366639048505897699e+04 1.694592995583342417e+04 2.058069653903725339e+04 2.457143797308220383e+04 2.891887063633743310e+04
2.985760901477174230e+03 4.597871239329673699e+03 6.565838258480188415e+03 8.887420898677441073e+03 1.156256629505145793e+04 1.459178512830403270e+04 1.797576060571111157e+04 2.171521976553283821e+04 2.581088346429251760e+04 3.026344561170067027e+04
3.426379400538893606e+03 5.140423606453028697e+03 7.211182188808719729e+03 9.636118474158625759e+03 1.241504371265847294e+04 1.554839190096224775e+04 1.903679569919509959e+04 2.288094507487094961e+04 2.708153177886339836e+04 3.163922589504912321e+04
3.898722114033511389e+03 5.714475121827344992e+03 7.887901943380408738e+03 1.041612200608765488e+04 1.329878692909497477e+04 1.653624159590477211e+04 2.012906117182103117e+04 2.407789448334820190e+04 2.838340171681209904e+04 3.304622761531613651e+04
4.402879422232418619e+03 6.320090584400507396e+03 8.596048386277347163e+03 1.122747289332251057e+04 1.421383031607673911e+04 1.755536310944188153e+04 2.125258152501229051e+04 2.530608889663800801e+04 2.971651120350936253e+04 3.448446620423671993e+04
4.938925399462112182e+03 6.957326654735847114e+03 9.335667460729666345e+03 1.207020925056972192e+04 1.516020591038611747e+04 1.860578360443914789e+04 2.240737993424748856e+04 2.656554818489502577e+04 3.108087734362931224e+04 3.595395643610396655e+04
